-71 -74 -51 -87 -37 -72 -64 -77 -63 -58 -50 -39 -71 -48 -39
-44 -62 -59 -50 -91 -51 -65 -54 -70 -50 -46 -66 -44 -71 -72
-58 -52 -58 -72 -62 -47 -58 -69 -58 -72 -42 -70 -84 -65 -65
-49 -45 -53 -50 -73 -47 -21 -40 -74 -35 -49 -58 -44 -50 -74
-53 -66 -67 -64 -62 -49 -67 -41 -67 -57 -56 -60 -71 -46 -79
-72 -48 -38 -51 -37 -60 -58 -52 -58 -55 -50 -64 -68 -53 -70
-59 -59 -90 -72 -61 -74 -36 -79 -65 -68 -39 -54 -86 -49 -48
-59 -44 -68 -52 -60 -42 -78 -29 -68 -79 -78 -68 -70 -66 -45
-62 -56 -36 -67 -64 -45 -63 -59 -59 -58 -67 -69 -44 -69 -69
-78 -58 -53 -58 -71 -52 -59 -27 -46 -56 -72 -50 -55 -30 -56
-62 -34 -35 -38 -64 -67 -59 -59 -58 -62 -88 -30 -41 -59 -54
-47 -55 -50 -79 -63 -50 -77 -23 -73 -63 -63 -67 -74 -59 -60
-46 -57 -74 -54